Hieu vs Duy (2025-03-29 21:26:11)
4 5
5 3
4 4
4 3
3 3
5 5
5 4
3 4
5 2
6 3
7 3
6 4
6 2
4 2
5 1
4 1
4 0
___
Manh vs Bot (2025-03-29 21:40:40)
4 4
5 5
4 5
4 6
6 4
5 4
5 6
5 3
5 2
3 7
2 8
4 3
6 3
6 5
7 6
3 2
___
Long vs Hieu (2025-03-29 22:50:17)
6 6
6 5
5 6
7 6
5 4
5 5
4 5
6 7
3 6
6 3
4 6
___
Huy vs Bot (2025-03-29 23:21:55)
5 5
6 6
6 5
7 5
8 4
7 6
4 5
3 5
8 6
7 7
7 4
7 8
___
Huy vs Bot (2025-03-29 23:22:43)
4 4
3 3
4 3
3 2
3 4
2 3
2 4
1 4
5 4
___
Long(X) vs Bot(O) (2025-03-29 23:50:17)
5 5
4 5
5 4
5 3
4 3
3 2
4 4
3 3
3 4
2 4
6 4
___
Hieu(X) vs Bot(O) (2025-03-30 01:15:01)
5 5
6 6
6 4
4 6
5 6
5 7
5 4
5 3
6 5
7 5
8 4
4 8
___
Hieu(X) vs Bot(O) (2025-03-30 01:22:35)
4 5
3 5
4 4
4 3
3 4
2 3
2 4
1 4
5 4
___
Long(X) vs Duc(O) (2025-03-31 10:40:46)
1 1
1 2
2 1
2 3
3 1
0 1
4 1
___
Hieu(X) vs Long(O) (2025-03-31 11:08:47)
0 1
1 2
1 1
2 2
3 1
3 2
2 1
___
Hieu(X) vs Bot(O) (2025-03-31 11:09:58)
5 5
6 6
5 4
5 6
6 4
4 6
6 5
3 6
___
Hieu(X) vs Vietanh(O) (2025-05-03 17:01:41)
1 1
1 2
2 1
3 1
2 2
2 3
3 4
3 3
4 3
2 5
3 2
5 4
1 0
___
Vietanh(X) vs Bot(O) (2025-05-03 17:06:11)
5 5
6 6
5 4
5 6
4 6
7 6
8 6
6 4
6 5
7 5
7 4
7 7
7 8
5 7
8 5
4 8
___
